16
0 0 0 8 0 0 0 0 12 0 0 0 0 0 7 10
3 0 0 13 0 0 9 0 8 7 0 0 0 0 0 14
0 0 0 0 0 0 0 0 6 0 3 0 9 0 0 0
14 0 0 6 10 7 11 2 15 4 0 0 13 0 0 0
0 0 14 0 6 0 16 15 0 2 9 0 0 4 3 5
10 0 0 0 7 0 0 13 0 8 0 0 6 15 0 0
5 0 8 15 0 0 0 0 0 0 0 0 14 0 0 0
13 0 0 0 0 0 3 14 4 12 0 0 0 0 0 0
0 0 10 14 0 11 0 0 7 0 0 0 0 0 0 9
0 0 12 0 0 15 0 0 0 0 0 6 0 0 4 0
0 9 6 0 0 8 4 0 0 5 11 0 0 0 1 7
15 7 0 0 0 9 5 0 0 0 13 0 10 0 0 2
0 0 0 3 0 0 15 4 2 9 0 8 0 0 0 0
8 11 15 0 0 0 0 6 0 0 0 13 7 0 9 0
6 2 1 0 13 10 0 5 3 0 0 11 0 0 12 15
0 0 0 0 9 0 0 0 0 0 0 0 4 0 0 0